name: caaps_env
channels:
  - conda-forge
  - bioconda
  - defaults
dependencies:
  - _libgcc_mutex=0.1=conda_forge
  - _openmp_mutex=4.5=1_gnu
  - c-ares=1.18.1=h7f98852_0
  - ca-certificates=2021.10.8=ha878542_0
  - curl=7.82.0=h2283fc2_0
  - hdf5=1.12.1=nompi_h4df4325_104
  - icu=70.1=h27087fc_0
  - keyutils=1.6.1=h166bdaf_0
  - krb5=1.19.3=h08a2579_0
  - libcurl=7.82.0=h2283fc2_0
  - libedit=3.1.20191231=he28a2e2_2
  - libev=4.33=h516909a_1
  - libgcc-ng=11.2.0=h1d223b6_15
  - libgfortran-ng=11.2.0=h69a702a_15
  - libgfortran5=11.2.0=h5c6108e_15
  - libgomp=11.2.0=h1d223b6_15
  - libiconv=1.16=h516909a_0
  - libnghttp2=1.47.0=he49606f_0
  - libnsl=2.0.0=h7f98852_0
  - libssh2=1.10.0=ha35d2d1_2
  - libstdcxx-ng=11.2.0=he4da1e4_15
  - libxml2=2.9.13=h22db469_0
  - libzlib=1.2.11=h166bdaf_1014
  - ncbi-ngs-sdk=2.11.2=pl5321h629fbf0_1
  - ncurses=6.3=h27087fc_1
  - openssl=3.0.2=h166bdaf_1
  - ossuuid=1.6.2=hf484d3e_1000
  - perl=5.32.1=2_h7f98852_perl5
  - perl-alien-build=2.48=pl5321hec16e2b_0
  - perl-alien-libxml2=0.17=pl5321hec16e2b_0
  - perl-business-isbn=3.007=pl5321hdfd78af_0
  - perl-business-isbn-data=20210112.006=pl5321hdfd78af_0
  - perl-capture-tiny=0.48=pl5321hdfd78af_2
  - perl-carp=1.38=pl5321hdfd78af_4
  - perl-constant=1.33=pl5321hdfd78af_2
  - perl-data-dumper=2.183=pl5321hec16e2b_1
  - perl-encode=3.17=pl5321hec16e2b_0
  - perl-exporter=5.72=pl5321hdfd78af_2
  - perl-extutils-makemaker=6.66=0
  - perl-ffi-checklib=0.28=pl5321hdfd78af_0
  - perl-file-chdir=0.1010=pl5321hdfd78af_3
  - perl-file-path=2.09=0
  - perl-file-temp=0.2304=pl5321hd8ed1ab_0
  - perl-file-which=1.20=0
  - perl-importer=0.026=pl5321hdfd78af_0
  - perl-mime-base64=3.16=pl5321hec16e2b_2
  - perl-parent=0.236=pl5321hdfd78af_2
  - perl-path-tiny=0.122=pl5321hdfd78af_0
  - perl-pathtools=3.75=pl5321hec16e2b_3
  - perl-scope-guard=0.21=pl5321hdfd78af_3
  - perl-sub-info=0.002=pl5321hdfd78af_1
  - perl-term-table=0.016=pl5321hdfd78af_0
  - perl-test2-suite=0.000145=pl5321hdfd78af_0
  - perl-threaded=5.32.1=hdfd78af_1
  - perl-uri=5.10=pl5321hdfd78af_0
  - perl-xml-libxml=2.0207=pl5321h661654b_0
  - perl-xml-namespacesupport=1.12=pl5321hdfd78af_1
  - perl-xml-sax=1.02=pl5321hdfd78af_1
  - perl-xml-sax-base=1.09=pl5321hdfd78af_1
  - sra-tools=2.9.6=hf484d3e_0
  - star=2.7.1a=0
  - xz=5.2.5=h516909a_1
  - zlib=1.2.11=h166bdaf_1014
prefix: /home/pc19/miniconda3/envs/caaps_env
